711
444
550
854
408
677
869
839
791
794
928
426
989
1111
657
580
457
1043
880
374
646
420
825
751
922
609
1095
667
724
644
505
420
494
1008
873
831
637
774
878
653
1117
1041
395
935
805
418
509
549
527
814
479
541
759
961
889
775
883
468
712
521
592
937
507
1011
954
923
922
517
675
807
817
543
909
432
659
730
799
671
515
817
352
858
660
577
1078
549
700
1091
362
782
1081
475
828
742
499
597
386
757
936
1042
741
762
1015
788
665
584
990
688
350
1070
415
565
1109
485
1062
652
657
888
799
473
657
1050
566
731
833
1146
415
492
547
383
511
917
412
754
850
972
572
748
884
1001
541
821
595
581
849
997
817
471
794
904
581
723
647
798
832
735
841
441
549
1261
431
972
880
556
562
1041
778
1010
735
993
879
559
630
1233
423
589
991
438
423
403
584
683
882
842
474
504
656
794
606
821
447
874
609
564
971
862
616
704
901
1003
942
685
837
999
1061
903
623
616
970
753
887
396
557
927
1070
714
943
443
937
430
668
581
492
660
810
418
663
694
845
637
502
907
736
373
992
861
679
495
371
665
723
602
534
670
979
437
790
1244
828
833
530
580
638
743
625
615
657
889
599
692
723
521
415
899
418
724
569
565
900
424
1028
544
471
786
946
639
649
1165
661
717
760
619
441
623
398
892
476
822
1032
816
549
1120
1043
952
461
504
602
657
1011
427
634
643
482
509
1113
1162
957
732
1119
964
394
614
550
813
1010
747
718
762
996
764
535
878
373
809
903
786
582
511
1180
526
532
557
1008
690
789
558
475
911
881
656
613
803
514
373
811
1091
848
799
805
702
876
1037
828
1293
801
765
780
907
1076
895
805
783
572
464
626
640
504
846
813
552
486
929
1107
659
410
756
514
686
480
696
810
989
732
491
916
650
573
789
563
816
363
571
363
719
710
422
1072
751
548
603
1287
460
627
663
874
986
609
1201
673
709
954
589
789
511
526
1017
893
664
492
877
562
1013
371
467
705
656
563
583
568
360
680
945
892
651
640
434
1022
956
587
764
879
1049
413
978
902
1184
1091
906
490
582
568
645
504
626
1054
400
1013
779
387
1010
1015
704
811
694
504
960
697
596
739
591
733
997
645
659
659
967
633
1054
698
1095
549
557
535
500
598
363
677
665
1004
812
1176
523
565
850
808
1063
403
666
912
663
871
699
1000
776
544
800
610
1199
741
874
725
567
597
1036
362
865
917
532
837
1180
440
471
561
1170
973
849
632
662
811
405
376
1034
981
926
938
626
1057
1292
527
682
871
411
469
771
526
445
853
756
595
560
1287
1025
1053
394
975
795
684
562
843
1041
388
433
925
664
947
747
1107
810
1018
947
963
895
1066
1024
506
553
978
729
866
706
1233
1035
650
780
763
810
709
849
788
806
795
560
1195
939
690
388
411
429
1111
1024
852
354
612
856
709
928
857
390
744
704
628
860
780
865
1016
774
505
502
777
845
1001
472
627
390
506
625
852
684
865
891
707
1064
993
621
387
781
584
401
747
1137
566
815
976
405
874
434
769
818
781
415
919
496
900
943
759
381
672
768
1046
1012
418
558
458
1012
851
603
858
620
520
572
998
351
480
525
955
741
450
467
433
443
788
594
884
1026
565
1037
730
895
906
655
793
422
910
403
1023
1316
828
956
961
485
1192
710
672
827
804
711
717
652
940
584
824
360
673
698
655
664
783
996
757
790
578
903
873
1166
603
858
1135
594
448
970
611
826
840
777
365
500
843
849
699
500
1014
904
955
826
891
507
393
362
529
854
452
705
752
553
981
763
791
770
975
862
770
884
971
400
713
911
926
737
591
846
690
888
562
836
578
897
453
595
1007
784
764
541
400
565
479
555
414
647
1239
940
633
519
954
655
633
738
344
1001
629
708
357
742
912
645
800
970
963
957
531
918
621
621
858
628
729
756
816
407
838
802
618
739
1034
730
864
818
448
869
845
661
550
408
523
572
418
439
934
926
530
638
815
961
635
374
397
989
597
592
595
411
574
1101
588
397
485
879
811
625
695
638
930
446
693
893
860
1092
459
1002
975
521
1003
658
714
504
1050
594
853
1004
616
635
770
483
915
1100
972
995
882
788
627
956
350
883
762
1021
836
566
764
563
1201
903
522
541
797
436
501
1000
926
506
718
1021
703
856
500
615
739
887
679
1119
587
394
567
661
897
854
607
502
493
668
1018
399
925
783
664
832
624
760
641
883
1089
815
366
697
707
809
564
580
694
504
769
518
855
537
623
1010
709
1117
1180
731
585
985
845
859
1010
491
912
1089
1157
501
613
686
949
1022
449
658
728
491
972
579
374
1046
1138
906
798
606
441
779
726
1031
557
414
965
744
812
654
513
894
436
884
775
674
888
713
625
968
663
584
450
464
872
454
1198
905
414
711
999
397
964
432
757
470
427
912
926
1110
895
439
492
745
849
755
499
355
941
656
655
661
715
936
660
914
985
635
415
623
831
920
629
827
589
574
673
980
795
620
731
1008
824
489
986
634
618
690
366
675
621
857
717
764
867
620
479
502
720
994
620
647
358
459
642
871
1073
419
640
752
493
995
707
524
760
493
473
760
679
1197
547
422
1081
576
1221
379
724
393
847
1104
540
370
867
856
684
1224
829
1066
1013
602
831
503
1145
510
1065
854
553
399
804
370
365
1011
689
428
885
632
971
420
466
1063
669
648
739
868
456
1162
1113
610
495
1127
424
960
479
762
563
695
447
1070
985
435
743
797
439
714
1134
558
957
718
453
502
1191
424
718
351
696
648
993
670
545
550
932
676
873
596
847
480
602
690
821
920
434
921
641
620
456
785
551
595
829
497
611
373
601
1100
667
1055
824
642
471
684
1060
885
860
638
573
393
506
898
1192
637
709
729
724
744
902
1136
784
731
583
867
369
875
519
643
486
679
1115
910
548
523
753
686
1114
915
1099
486
993
948
387
515
709
407
659
388
565
750
740
875
1306
474
1050
884
626
860
700
806
755
639
510
630
481
909
800
874
582
575
725
461
869
938
909
504
862
937
825
555
416
348
824
454
1027
953
402
747
768
537
577
816
364
886
599
612
762
585
730
401
658
751
469
462
681
614
805
706
631
651
379
573
655
713
352
824
355
887
499
971
852
581
871
736
630
989
643
619
1056
677
535
540
383
578
639
571
948
475
542
406
1092
949
1002
696
1028
1128
477
780
605
725
555
1003
652
611
468
597
604
811
407
646
601
870
787
479
721
891
607
453
833
920
